mainl=34;
sikou1=12;
sikou12=11;